-2.135088920593261719e+00 1.458735942840576172e+00 1.368107795715332031e+00 1.000000000000000000e+00 0.000000000000000000e+00 1.000000000000000000e+00
-6.724486351013183594e+00 1.955222606658935547e+00 1.577222824096679688e+00 1.000000000000000000e+00 0.000000000000000000e+00 1.000000000000000000e+00
-1.298667430877685547e+01 4.135534763336181641e+00 -1.683953046798706055e+00 1.000000000000000000e+00 0.000000000000000000e+00 1.000000000000000000e+00
-9.476265907287597656e+00 3.953856945037841797e+00 -2.186651468276977539e+00 1.000000000000000000e+00 0.000000000000000000e+00 1.000000000000000000e+00
-1.497869873046875000e+01 3.651805877685546875e+00 -3.646692276000976562e+00 1.000000000000000000e+00 0.000000000000000000e+00 1.000000000000000000e+00
-1.788384056091308594e+01 4.650699138641357422e+00 -7.968824863433837891e+00 1.000000000000000000e+00 0.000000000000000000e+00 1.000000000000000000e+00
-1.870375251770019531e+01 5.318745613098144531e+00 -9.834482192993164062e+00 1.000000000000000000e+00 0.000000000000000000e+00 1.000000000000000000e+00
-1.944260215759277344e+01 5.786022663116455078e+00 -1.417685127258300781e+01 1.000000000000000000e+00 0.000000000000000000e+00 1.000000000000000000e+00
-2.128277015686035156e+01 6.024515151977539062e+00 -1.676600265502929688e+01 1.000000000000000000e+00 0.000000000000000000e+00 1.000000000000000000e+00
-2.188107299804687500e+01 6.989248275756835938e+00 -2.069467735290527344e+01 1.000000000000000000e+00 0.000000000000000000e+00 1.000000000000000000e+00
-2.078172874450683594e+01 8.193000793457031250e+00 -2.373140335083007812e+01 1.000000000000000000e+00 0.000000000000000000e+00 1.000000000000000000e+00
-2.205012893676757812e+01 1.066469478607177734e+01 -3.128339385986328125e+01 1.000000000000000000e+00 0.000000000000000000e+00 1.000000000000000000e+00
-2.524775695800781250e+01 1.167007732391357422e+01 -3.338835906982421875e+01 1.000000000000000000e+00 0.000000000000000000e+00 1.000000000000000000e+00
-2.652011108398437500e+01 1.467289352416992188e+01 -3.924932861328125000e+01 1.000000000000000000e+00 0.000000000000000000e+00 1.000000000000000000e+00
6.186489105224609375e+00 1.415111541748046875e+00 2.925975322723388672e-01 1.000000000000000000e+00 0.000000000000000000e+00 1.000000000000000000e+00
1.940364599227905273e+00 9.365949630737304688e-01 1.186911106109619141e+00 1.000000000000000000e+00 0.000000000000000000e+00 1.000000000000000000e+00
1.190747547149658203e+01 4.183562278747558594e+00 -4.402904510498046875e+00 1.000000000000000000e+00 0.000000000000000000e+00 1.000000000000000000e+00
9.173666000366210938e+00 3.905930519104003906e+00 -3.212842464447021484e+00 1.000000000000000000e+00 0.000000000000000000e+00 1.000000000000000000e+00
1.589936256408691406e+01 2.804361343383789062e+00 -6.302042007446289062e+00 1.000000000000000000e+00 0.000000000000000000e+00 1.000000000000000000e+00
1.521295642852783203e+01 3.027542114257812500e+00 -5.230023384094238281e+00 1.000000000000000000e+00 0.000000000000000000e+00 1.000000000000000000e+00
1.852095222473144531e+01 6.451021671295166016e+00 -1.659537315368652344e+01 1.000000000000000000e+00 0.000000000000000000e+00 1.000000000000000000e+00
1.738106918334960938e+01 5.869125366210937500e+00 -1.234482574462890625e+01 1.000000000000000000e+00 0.000000000000000000e+00 1.000000000000000000e+00
1.935029029846191406e+01 7.531399250030517578e+00 -1.918057441711425781e+01 1.000000000000000000e+00 0.000000000000000000e+00 1.000000000000000000e+00
1.989822196960449219e+01 8.306262969970703125e+00 -2.280480384826660156e+01 1.000000000000000000e+00 0.000000000000000000e+00 1.000000000000000000e+00
2.113974761962890625e+01 9.585014343261718750e+00 -2.533407020568847656e+01 1.000000000000000000e+00 0.000000000000000000e+00 1.000000000000000000e+00
2.227285957336425781e+01 1.207254981994628906e+01 -3.272145843505859375e+01 1.000000000000000000e+00 0.000000000000000000e+00 1.000000000000000000e+00
2.472077751159667969e+01 1.351464653015136719e+01 -3.507462310791015625e+01 1.000000000000000000e+00 0.000000000000000000e+00 1.000000000000000000e+00
2.386594200134277344e+01 1.662219238281250000e+01 -4.146125030517578125e+01 1.000000000000000000e+00 0.000000000000000000e+00 1.000000000000000000e+00
